Time:0
Waiting: [(6 , 2 , 4), (1 , 3 , 5), (3 , 3 , 4), (14 , 3 , 6), (15 , 3 , 5), (19 , 3 , 7), (2 , 4 , 8), (4 , 4 , 4), (8 , 4 , 2), (9 , 4 , 5), (13 , 4 , 4), (17 , 4 , 2), (16 , 5 , 2), (18 , 5 , 10), (10 , 6 , 8), (11 , 7 , 9), (12 , 7 , 10), (5 , 8 , 7), (7 , 9 , 7), (20 , 10 , 2)]
Queue: closed
Queue: closed
Queue: closed
Queue: closed

Time:1
Waiting: [(6 , 2 , 4), (1 , 3 , 5), (3 , 3 , 4), (14 , 3 , 6), (15 , 3 , 5), (19 , 3 , 7), (2 , 4 , 8), (4 , 4 , 4), (8 , 4 , 2), (9 , 4 , 5), (13 , 4 , 4), (17 , 4 , 2), (16 , 5 , 2), (18 , 5 , 10), (10 , 6 , 8), (11 , 7 , 9), (12 , 7 , 10), (5 , 8 , 7), (7 , 9 , 7), (20 , 10 , 2)]
Queue: closed
Queue: closed
Queue: closed
Queue: closed

Time:2
Waiting: [(1 , 3 , 5), (3 , 3 , 4), (14 , 3 , 6), (15 , 3 , 5), (19 , 3 , 7), (2 , 4 , 8), (4 , 4 , 4), (8 , 4 , 2), (9 , 4 , 5), (13 , 4 , 4), (17 , 4 , 2), (16 , 5 , 2), (18 , 5 , 10), (10 , 6 , 8), (11 , 7 , 9), (12 , 7 , 10), (5 , 8 , 7), (7 , 9 , 7), (20 , 10 , 2)]
Queue: (6 , 2 , 4)  
Queue: closed
Queue: closed
Queue: closed

Time:3
Waiting: [(2 , 4 , 8), (4 , 4 , 4), (8 , 4 , 2), (9 , 4 , 5), (13 , 4 , 4), (17 , 4 , 2), (16 , 5 , 2), (18 , 5 , 10), (10 , 6 , 8), (11 , 7 , 9), (12 , 7 , 10), (5 , 8 , 7), (7 , 9 , 7), (20 , 10 , 2)]
Queue: (6 , 2 , 3)  (19 , 3 , 7)  
Queue: (1 , 3 , 5)  
Queue: (14 , 3 , 6)  
Queue: (3 , 3 , 4)  (15 , 3 , 5)  

Time:4
Waiting: [(16 , 5 , 2), (18 , 5 , 10), (10 , 6 , 8), (11 , 7 , 9), (12 , 7 , 10), (5 , 8 , 7), (7 , 9 , 7), (20 , 10 , 2)]
Queue: (6 , 2 , 2)  (19 , 3 , 7)  (17 , 4 , 2)  
Queue: (1 , 3 , 4)  (2 , 4 , 8)  
Queue: (3 , 3 , 3)  (15 , 3 , 5)  (8 , 4 , 2)  (13 , 4 , 4)  
Queue: (14 , 3 , 5)  (4 , 4 , 4)  (9 , 4 , 5)  

Time:5
Waiting: [(10 , 6 , 8), (11 , 7 , 9), (12 , 7 , 10), (5 , 8 , 7), (7 , 9 , 7), (20 , 10 , 2)]
Queue: (1 , 3 , 3)  (2 , 4 , 8)  (18 , 5 , 10)  
Queue: (6 , 2 , 1)  (19 , 3 , 7)  (17 , 4 , 2)  (16 , 5 , 2)  
Queue: (3 , 3 , 2)  (15 , 3 , 5)  (8 , 4 , 2)  (13 , 4 , 4)  
Queue: (14 , 3 , 4)  (4 , 4 , 4)  (9 , 4 , 5)  

Time:6
Waiting: [(11 , 7 , 9), (12 , 7 , 10), (5 , 8 , 7), (7 , 9 , 7), (20 , 10 , 2)]
Queue: (19 , 3 , 7)  (17 , 4 , 2)  (16 , 5 , 2)  (10 , 6 , 8)  
Queue: (3 , 3 , 1)  (15 , 3 , 5)  (8 , 4 , 2)  (13 , 4 , 4)  
Queue: (14 , 3 , 3)  (4 , 4 , 4)  (9 , 4 , 5)  
Queue: (1 , 3 , 2)  (2 , 4 , 8)  (18 , 5 , 10)  

